tensor([[ 1.8337e-02,  2.6030e-02, -5.9704e-03,  ...,  1.9378e-02,
          8.5347e-03,  8.1021e-03],
        [ 1.6226e-02, -3.1264e-03,  1.3526e-03,  ..., -7.3781e-03,
         -5.6874e-03, -1.2996e-02],
        [-8.3753e-03,  1.1988e-02,  6.4349e-05,  ..., -5.2425e-03,
          9.9484e-03,  6.5400e-03],
        ...,
        [-5.9046e-03,  9.1161e-03,  5.6470e-03,  ..., -1.0753e-02,
         -4.8625e-03,  4.7134e-03],
        [-2.7442e-02, -1.5790e-03, -6.1933e-03,  ...,  7.0444e-03,
          7.2277e-03, -1.3973e-02],
        [ 4.2948e-03, -7.8268e-03, -9.9832e-03,  ..., -2.5024e-03,
         -1.5215e-02, -1.1456e-02]], device='cuda:0')